Webots Project File version 8.6
perspectives: 000000ff00000000fd00000003000000000000000000000000fc0100000001fb0000001a0044006f00630075006d0065006e0074006100740069006f006e0000000000ffffffff0000005400ffffff00000001000002330000024efc0200000001fb0000001400540065007800740045006400690074006f007201000000000000024e000000a200ffffff00000003000005150000007efc0100000001fb0000000e0043006f006e0073006f006c00650100000000000005150000005400ffffff000002dc0000024e00000004000000040000000100000008fc00000000
simulationViewPerspectives: 000000ff0000000100000002000000e8000002090100000006010000000101
sceneTreePerspectives: 000000ff0000000100000002000000c0000000660100000006010000000201
minimizedPerspectives: 000000ff00000000fd000000000000073f000003ee00000004000000040000000100000008fc00000000
maximizedDockId: 1
centralWidgetVisible: 1
orthographicViewHeight: 1
textFiles: 0 "controllers/supervisor/supervisor.py" "controllers/soccer/Soccer.cpp" "controllers/soccer/Soccer.hpp"
documentationBook: 
documentationPage: 
renderingDevicePerspectives: 293;1;1.33;0.805668;0.125468
